4	0
5	0
5	0
6	0
6	0
6	0
7	0
9	0
9	0
10	0
10	0
10	0
11	0
12	0
13	0
13	0
13	0
14	0
14	0
14	0
15	0
15	0
15	0
16.5	0
17	0
17	0
17	0
17.5	0
17.6667	0
18	0
18	0
18.3333	1
18.6667	1
19	0
19	0
20	0
20	0
20	0
20.6667	1
21	0
21	0
21	0
21.6667	0
22	0
22	0
22	0
23	0
23	0
23	0
23	0
23.5	0
24	0
24	0
24.5	0
25	0
25	0
25	0
25	0
25.5	0
26	0
26	0
26	0
27	0
27	0
28	0
28.5	0
29	0
30	0
31	0
32	0
32	0
33	0
33.5	0
34	0
34	0
34	0
34	0
35	0
35	0
35	0
36	0
36	0
36	0
36	0
37	0
37	0
37	0
37	0
37	0
38	0
38	0
38	0
38	0
38	0
38	0
39	0
39	0
39	0
39	0
40	0
40	0
40	0
40	0
41	0
41	0
41	0
41	0
42	0
42	0
42	0
42	0
42.5	0
43	0
43	0
43	0
43	0
43	0
43	0
43	0
43	0
43	0
43.6667	0
44	0
44	0
44	0
44	0
44	0
44.25	0
45	0
45	0
45	0
45	0
45	0
45	0
45	0
46	0
46	0
47	0
47	0
47	0
47	0
47	0
47	0
47	0
48	0
48	0
48	0
48	0
48	0
48.5	0
48.5	0
49	0
49	0
49	0
49	0
49	0
49	0
49	0
49	0
50	0
50	0
50	0
50	0
50	0
50	0
50.375	0
51	0
51	0
51	0
52	0
52	0
52	0
53	0
53	0
53	0
53	0
53	0
54	0
54	0
54	0
54	0
54.75	0
55	0
55	0
55	0
55	0
55	0
55.5	0
56	0
56	0
56.5	0
56.5	0
57	0
57	0
57	0
58	0
58	0
58	0
58	0
58	0
59	0
59	0
59	0
59	0
59	0
59	0
60	0
60	0
60	0
60	0
60.5	0
61	0
61	0
61	0
61	0
62	0
62	0
63	0
63	0
63	0
63	0
63	0
63	0
63.5	0
64	0
64	0
64	0
64	0
65	0
65	0
65	0
66	0
66	0
67	0
67	0
67	0
67	0
68	0
68	0
68	0
68	0
68	0
68	0
69	0
69	0
69	0
69	0
69	0
69	0
69	0
69	0
69	0
69	0
69.5	0
70	0
70	0
70	0
70	0
70	0
70	0
70.6667	0
71	0
71	0
71	0
71	0
71	0
71	0
72	0
72	0
72	0
72	0
72	0
72	0
72	0
72	0
72.5	0
73	0
73	0
73	0
73	0
73	0
73.5	0
74	0
74	0
74	0
74	0
74	0
74.5	0
75	0
75	0
75	0
75	0
76	0
76	0
76	0
76	0
77	0
77	0
77	0
77	0
78	0
78	0
78	0
78	0
78	0
78.5	0
79	0
79	0
79	0
79	0
79	0
80	0
81	0
81	0
81	0
82	0
82	0
82	0
82	0
83	0
83	0
83	0
83	0
83.5	0
83.6667	0
84	0
84	0
84	0
84	0
84	0
85	0
85	0
86	0
86	0
86	0
87	0
87	0
87	0
87	0
87	0
88	0
88	0
88	0
88	0
88	0
88.5	0
89	0
89	0
89	0
89	0
89	0
89.5	0
90	0
90	0
90	0
91	0
91.5	0
91.5	0
92	0
92	0
92	0
92	0
92.6667	0
93	0
93	0
93	0
94	0
94	0
94	0
94	0
94	0
94	0
94.5	0
95	0
95	0
95	0
95.5	0
96	0
96	0
96	0
97	0
97	0
97	0
97	0
97	0
97	0
98	0
98	0
98	0
98	0
98	0
98	0
98.4	0
99	0
99	0
99	0
99.5	0
99.5	0
100	0
100	0
100	0
100	0
100	0
100	0
100.5	0
101	0
101	0
101	0
101	0
101	0
101.25	0
101.5	0
101.5	0
101.5	0
102	0
102	0
102	0
102	0
102.5	0
103	0
103	0
103	0
103	0
103.08	1
104	0
104	0
104	0
104	0
104	0
104	0
104.5	0
105	0
105	0
105	0
105	1
105	0
105	0
105.5	0
106	0
106	0
106	0
106	0
106.5	0
106.5	0
107	0
107	0
107	0
107	0
107	0
108	0
108	0
108	0
108	0
108	0
108	0
108	0
108.5	0
109	0
109	0
109.5	0
109.6	0
109.667	0
110	0
110	0
110	0
110	0
110	0
110	0
111	0
111	0
111	0
112	0
112	0
112	0
112.333	0
113	0
113	0
113	0
113	0
113.5	0
114	0
114	0
114	0
114.667	0
115	0
115	0
115	0
115	0
115	0
115	0
115.5	0
116	0
116	0
116	0
116	0
117	0
117	0
117	0
118	0
118	0
118	0
118	0
118	0
118	0
119	0
119	0
119	0
119	0
119	0
119	0
119	0
119	0
119	0
120	0
120	0
120	0
120	0
120	0
120	0
120.5	0
121	0
121	0
121	0
121	0
121.667	0
122	0
122	0
122	0
122	0
122.136	1
122.5	0
122.8	1
123	0
123	0
123.167	0
123.5	0
124	0
124	0
124	0
124	0
124.5	0
125	0
125	0
125	0
125	0
126	0
126	0
126.5	0
127	0
127	0
127	0
127	0
128	0
128	0
128	0
128	0
128.5	0
128.667	0
129	0
129	0
129	0
129	0
129.667	1
130	0
130	0
130	0
130	0
131	0
131	0
131	0
131	0
132	0
132	0
132	0
132	0
132.5	0
133	0
133	0
133	0
133	0
133.5	0
134	0
134	0
134	0
134	0
134.5	0
135	0
135	0
135	0
135	0
135	0
136	0
136	0
136	0
136	0
136	0
136.333	0
137	0
137	0
137	0
137	0
137	0
137	0
137	0
137.3	1
138	0
138	0
138	0
138	0
139	0
139	0
139	0
139	0
139	0
139	0
139.333	0
139.833	1
140	0
140	0
140.333	0
141	0
141	0
141	0
141	0
142	0
142	0
142	0
142	0
142	0
143	0
143	0
143	0
143	0
143	0
143.333	0
143.429	0
143.5	0
144	0
144	0
144	0
144	0
144	0
144	0
145	0
145	0
146	0
146	0
147	0
147	0
147	0
148	0
148	0
148	0
148	0
148	0
148.4	0
149	0
149	0
149	0
149	0
149	0
149	0
149	0
149	0
150	0
150	0
150	0
150	0
150	0
150.667	0
151	0
151	0
151	0
151	0
151	0
151.5	0
152	0
152	0
152	0
152	0
152	0
152	0
152	0
152	0
152.333	0
153	0
153	0
153	0
153	0
153	0
153	0
153	0
153.333	0
154	0
154	0
154	0
154	0
154	0
154	0
155	0
155	0
155	0
155	0
155	0
155	0
155	0
155	0
155.5	0
155.75	0
156	0
156	0
156	0
156	0
156	0
156.5	0
157	0
157	1
157	0
157	0
157	0
157.571	0
158	0
158	0
158	0
158	0
158	0
158.667	0
159	0
159	0
159	0
159	0
159	0
159.556	1
160	0
160	0
160	0
160.333	0
161	0
161	0
161	0
161	0
161	0
161	0
162	0
162	0
162	0
162.4	0
163	0
163	0
163	0
163	0
164	0
164	0
164	0
164	0
164	0
164	0
164.5	0
165	0
165	0
165	0
165	0
165	0
165	0
166	0
166	0
166	0
167	0
167	0
167	0
167	0
167	0
167.5	0
168	0
168	0
168	0
168	0
168	0
168	0
168	0
168.5	0
169	0
169	0
169	0
169	0
169	0
169	0
169	0
170	0
170	0
170	0
170	0
170	0
170	0
170	0
171	0
171	0
171	0
171	0
171	0
171	0
171.5	0
172	0
172	0
172	0
172	0
172	0
172	0
172	0
172	0
172	0
173	0
173	0
173	0
173	0
173.5	0
174	0
174	0
174	0
174	0
174	0
174	0
174.333	0
175	0
175	0
175	0
175	0
175	0
176	0
176	0
176	0
176	0
176	0
177	0
177	0
177	0
177	0
177	0
177	0
177.375	0
178	0
178	0
178	0
178	0
179	0
179	0
179	0
179	0
179	0
179	0
179	0
180	0
180	0
180	0
180	0
180	0
180	0
180.5	0
180.5	0
180.5	0
181	0
181	0
181	0
181	0
181	0
181.333	0
182	0
182	0
182	0
182	0
182	0
182	0
182	0
182.5	0
183	0
183	0
183	0
183	0
183	0
183	0
183	0
183	0
183	0
184	0
184	0
184	0
184	0
184	0
185	0
185	0
185	0
185	0
185	0
185	0
185	0
186	0
186	0
186	0
186	0
186	0
186	0
186	0
187	0
187	0
187	0
187	0
187	0
187	0
187	0
188	0
188	0
188	0
188	0
188	0
188.5	0
189	0
189	0
189	0
189	0
189	0
189.5	0
190	0
190	0
190	0
190	0
190	0
190.5	0
190.5	0
191	0
191	0
191	0
191	0
191.857	0
192	0
192	0
192.5	0
193	0
193	0
193	0
193	0
193	0
193.333	0
194	0
194	0
194	0
194.5	0
195	0
195	0
195	0
195	0
195	0
195	0
196	0
196	0
196	0
196	0
196	0
196	0
197	0
197	0
197	0
197	0
197	0
197	0
197	0
197.333	0
197.5	0
198	0
198	0
198	0
198	0
198	0
198	0
199	0
199	0
199	0
199	0
199	0
199	0
199	0
200	0
200	0
200	0
200	0
200	0
200.2	0
200.8	0
201	0
201	0
201	0
201	0
202	0
202	0
202	0
202	0
202	0
202	0
203	0
203	0
203	0
203	0
203	0
204	0
204	0
204	0
204	0
204	0
204	0
204	0
204	0
204	0
204	0
204	0
204	0
204.5	0
204.75	0
205	0
205	0
205	0
205	0
205	0
205	0
205	0
206	0
206	0
206	0
206	0
206	0
206	0
206	0
206.333	0
206.5	0
206.5	0
207	0
207	0
207	0
207.286	1
207.5	0
208	0
208	0
208	0
208	0
208.5	0
209	0
209	0
210	0
210	0
210.5	0
211	0
211	0
211	0
211	0
211	0
212	0
212	0
212	0
212	0
212	0
212.75	0
212.875	0
213	0
213	0
213	0
213	0
214	0
214	0
214	0
214	0
215	0
215	0
215	0
216	0
216	0
216	0
216	0
216	0
216	0
216	0
216	0
216	0
216.5	0
217	0
217	0
217	0
217	0
217	0
217.5	0
218	0
218	0
218	0
218	0
218.161	1
218.375	0
219	0
219	0
219	0
219	0
219	0
219	0
219	0
219	0
220	0
220	0
221	0
221	0
221	0
221	0
221	0
221	0
221	0
221.5	0
222	0
222	0
222	0
222	0
222.333	0
222.8	1
222.8	0
223	0
223	0
223	0
223	0
223	0
223	0
223.5	0
224	0
224	0
224	0
224.2	0
224.5	0
224.5	0
224.5	0
225	0
225.5	0
226	0
226	0
226	0
226	0
226.667	0
227	0
227	0
227	0
227	0
227	0
227	0
227	0
227	0
227.5	0
227.8	0
228	0
228	0
228	0
228	0
228	0
228	0
228	0
228	0
228	0
228.5	0
229	0
229	0
229	0
229	0
229	0
229	0
229	0
229.25	0
229.5	0
230	0
230	0
230	0
230	0
230.5	0
230.5	0
231	0
231	0
231	0
232	0
232	0
232	0
232	0
232	0
232.667	0
233	0
233	0
233	0
233	0
233.75	1
234	0
234	0
234.75	0
234.857	0
235	0
235	0
235	0
236	0
236	0
236	0
236	0
236	0
236	0
236	0
237	0
237	0
237	0
237	0
237	0
237	0
237	0
237	0
237.25	0
237.5	0
238	0
238	0
238	0
238	0
238	0
238.167	0
239	0
239	0
239	0
239	0
239	0
239.636	0
239.667	0
240	0
240	0
240	0
240	0
240	0
240	0
240.333	0
240.667	0
240.667	0
241	0
241	0
241	0
241	0
241	0
241	0
241	0
241	0
242	0
242	0
242	0
242	0
242	0
242.667	0
243	0
243	0
243.25	0
243.333	0
243.667	0
243.75	0
244	0
244	0
244	0
244	0
244	0
244.667	0
245	0
245	0
245	0
245	0
245	0
245	0
245	0
246	0
246	0
246	0
246	0
246	0
246.5	0
246.667	0
247	0
247	0
247	0
247	0
247	0
247.667	0
248	0
248	0
248	0
248	0
248	0
248	0
249	0
249	0
249	0
249	0
249	0
249	0
249	0
249	0
249.5	0
249.5	0
250	0
250	0
250	0
250	0
250	0
250	0
250	0
250	0
250	0
250.8	0
251	0
251	0
251	0
251	0
251	0
252	0
252	0
252	0
252	0
252	0
252	0
252.167	0
252.5	0
252.5	0
252.5	0
253	0
253	1
253	0
253	0
253	0
253	0
253	0
253.5	0
254	0
254	0
254	0
254	0
254	0
254.5	0
255	0
255	0
255	0
255	0
255	0
255	0
255	0
255	0
256	0
256	0
256.5	0
256.667	0
257	0
257	0
257	0
257	0
257.75	0
258	0
258	0
258	0
258	0
258	0
258.5	0
258.5	0
259	0
259	0
259	0
259	0
259	0
259	0
259	0
259	0
259	0
259.5	0
259.667	0
260	0
260	0
260	0
260	0
260	0
260	0
260.667	0
261	0
261	0
261	0
261	0
261	0
261	0
261.333	0
261.5	0
262	0
262	0
262	0
262	0
262	0
262	0
262	0
262	0
262.667	0
262.667	0
263	0
263	0
263	0
263	0
263	0
263	0
263	0
263	0
263.474	0
264	0
264	0
264	0
264	0
264	0
264	0
264	0
264.5	0
265	0
265	0
265	0
265	0
265	0
265	0
265	0
265.385	1
265.875	0
266	0
266	0
266	0
266	0
266	0
266	0
266	0
266	0
266	0
266	0
266	0
266.667	0
267	0
267	0
267	0
267	0
267	0
268	0
268	0
268	0
268.5	0
269	0
269	0
269	0
269	0
269.333	0
269.5	0
269.5	0
269.667	0
270	0
270	0
270	0
270	0
270	0
270	0
270.5	0
270.667	0
271	0
271	0
271	0
271	0
271	0
271	0
271	0
271	0
271	0
271	0
271.5	0
272	0
272	0
272.25	0
272.25	0
272.5	0
272.5	0
273	0
273	0
273	0
273	0
273.048	0
273.5	0
274	0
274	0
274	0
274	0
274	0
275	0
275	0
275	0
275	0
275.5	0
275.667	0
276	0
276	0
276	0
276.444	0
276.667	0
276.667	0
277	0
277	0
277	0
277	0
277	0
277	0
277	0
277.667	0
278	0
278	0
278	0
278	0
278	0
278.25	0
278.5	0
279	0
279	0
279	0
279	0
279	0
279	0
279.593	0
280	0
280	0
280	0
280	0
280	0
280	0
280	0
280	0
280	0
280.5	0
280.5	0
281	0
281	0
281	0
281	0
281	0
281	0
281.5	0
282	0
282	0
282	0
282	0
282	0
282	0
282.333	0
282.5	0
283	0
283	0
283	0
283	0
283	0
283	0
283	0
283	0
283	0
283	0
284	0
284	0
284	0
284	0
284	0
284	0
285	0
285	0
285	0
285	0
285	0
285.333	0
285.667	0
285.857	0
286	0
286	0
286	0
286	0
286	0
286.077	1
286.167	0
287	0
287	0
287	0
287.25	0
287.333	0
287.333	0
288	0
288	0
288	0
288	0
288	0
288	0
288.5	0
288.667	0
289	0
289	0
289	0
289	0
289	0
289	0
289	0
289.5	0
289.571	0
290	0
290	0
290	0
290.25	0
291	0
291	0
291	0
291	0
291	0
291	0
291	0
291.25	0
291.5	0
292	0
292	0
292	0
292	0
292.5	0
293	0
293	0
294	0
294	0
294	0
294	0
294	0
294.5	0
295	0
295	0
295	0
295	0
295.667	0
296	0
296	0
296	0
296	0
296	0
296.5	0
296.5	0
296.5	0
296.5	0
297	0
297	0
297	0
297	0
297	0
297	0
297.5	0
298	0
298	0
298	0
298	0
298	0
298	0
298	0
299	0
299	0
299	0
299.8	0
300	0
300	0
300	0
300	0
300.5	0
301	0
301	0
301	0
301	0
301.75	0
302	0
302	0
302	0
302	0
302	0
302	0
302	0
302	0
302.19	1
302.778	0
303	0
303	0
303	0
303	0
303.091	0
303.5	0
304	0
304	0
304	0
304	0
304	0
304.2	0
304.333	0
304.5	0
304.6	0
304.938	0
305	0
305	0
305	0
305	0
305	0
305.375	0
305.96	0
306	0
306	0
306	0
306	0
306	0
306	0
306	0
306.25	0
306.615	0
307	0
307	0
307	0
307	0
307	0
308	0
308	0
308	0
308	0
308	0
308	0
308	0
308	0
308.1	0
308.25	0
308.4	0
308.5	0
309	0
309	1
309	0
309	0
309	0
309	0
309.5	0
309.5	0
310	0
310	0
310	0
310	0
310	0
310	0
310.333	0
311	0
311	0
311	0
311	0
311.375	0
311.5	0
312	0
312	0
312	0
312	0
312.5	0
313	0
313	0
313	0
313	0
313.5	0
313.667	0
314	0
314	0
314	0
314	0
314	0
314	0
314.5	0
315	0
315	0
315	0
315	0
315	0
315.5	0
315.667	0
316	0
316	0
316	0
316	0
316	0
316	0
317	0
317.5	0
318	0
318	0
318	0
318	0
318	0
318	0
318	0
318.25	0
318.444	0
319	0
319	0
319	0
319	0
319	0
319	0
319.5	0
319.5	0
320	0
320	0
320	0
320	0
320	0
320	0
320	0
320	0
320	0
320	0
321	0
321	0
321	0
321	0
321	0
322	0
322	0
322	0
322	0
322	0
322	0
322	0
322	0
322.089	1
323	0
323	0
323	0
323	0
323	0
323.5	0
323.6	0
323.714	0
323.75	0
324	0
324	0
324	0
324	0
324	0
325	0
325	0
325	0
325	0
325	0
325	0
326	0
326	0
326	0
326	0
326.5	0
327	0
327	0
327	0
327.5	0
328	0
328	0
328	0
328	0
328	0
328.333	0
328.4	0
329	0
329	0
329	0
329.667	0
330	0
330	0
330	0
330	0
330.333	0
330.603	1
331	0
331	0
331	0
331	0
331	0
331.182	0
332	0
332	0
332	0
332	0
332	0
332.667	0
332.833	0
333	0
333	0
333	0
333	0
333	0
333	0
333.5	0
334	0
334	0
334	0
334	0
334	0
334	0
334.3	0
335	0
335.339	1
335.406	1
335.5	0
335.6	0
335.667	0
335.667	0
335.8	0
336	0
336	0
336	0
336.4	0
336.667	0
336.75	0
337	0
337	0
337	0
337	0
337	0
337.5	0
338	0
338	0
338	0
338	0
338	0
338.25	0
338.25	0
338.5	0
338.5	0
339	0
339	0
339	0
339	0
339.25	0
340	0
340	0
340	0
340	0
340	0
341	0
341	0
341	0
341	0
341	0
341	0
341	0
341	0
341.5	0
341.5	0
341.5	0
342	0
342	0
342	0
342	0
342	0
342	0
342	0
342	0
342	0
342	0
342	0
342.25	0
342.333	0
342.778	0
343	0
343	0
343	0
343	0
343	0
343	0
343	0
343.5	0
344	0
344	0
344	0
344	0
344	0
344	0
344	0
344	0
344	0
344.333	0
344.667	0
345	0
345	0
345	0
345	0
345	0
345	0
345	0
345.667	0
345.706	1
346	0
346	0
346	0
346	0
346	0
346	0
346	0
347	0
347	0
347	0
347	0
347	0
347	0
347	0
347	0
347	0
347	0
347.333	0
347.5	0
347.571	0
348	0
348	0
348	0
348	0
348	0
348.037	1
348.5	0
348.5	0
349	0
349	0
349	0
349	0
349	0
349.5	0
350	0
350	0
350	0
350	0
350	0
350	0
350	0
351	0
351	0
351	0
351	0
351	0
351.188	1
351.667	0
352	0
352	0
352	0
352	0
352	0
352	0
352.727	0
353	0
353	0
353	0
353	0
353	0
353	0
353	0
354	0
354	0
354	0
354	0
354	0
354	0
354	0
354	0
354	0
354.333	0
355	0
355	0
355	0
355	0
355	0
355	0
355.333	0
355.333	0
356	0
356	0
356	0
356	0
356	0
356	0
356.1	0
356.286	1
356.714	0
357	0
357	0
357	0
357.2	0
357.333	0
358	0
358	0
358	0
358.333	0
359	0
359	0
359	0
359.467	0
359.667	0
360	0
360	0
360	0
360	0
360	0
360.5	0
361	0
361	0
361	0
361	0
361	0
361	0
361.2	0
361.294	1
361.333	0
362	0
362	0
362	0
362	0
362	0
362	0
362.75	0
363	0
363	0
363	0
363	0
363	0
363	0
363	0
363	0
363	0
363.2	0
363.25	0
363.333	0
363.6	0
364	0
364	0
364	0
364	0
364	0
364	0
365	0
365	0
365	0
365	0
366	0
366	0
366	0
366	0
366.348	1
366.55	1
367	0
367	0
367	0
367	0
367	0
367	0
367.5	0
368	0
368	0
368	0
368	0
368	0
368	0
368.5	0
368.667	0
369	0
369	0
369	0
369	0
369	0
369.5	0
370	0
370	0
370	0
370	0
370.667	1
370.778	0
371	0
371	0
371	0
371	0
371	0
371.2	0
371.5	0
372	0
372	0
372	0
372	0
372.25	0
373	0
373	0
373	0
373	0
373	0
373	0
374	0
374	0
374	0
374	0
375.5	0
376	0
376	0
376	0
376	0
376	0
376	0
376	0
376.5	0
377	0
377	0
377	0
377	0
377	0
377	0
377.167	0
378	0
378	0
378	0
378	0
378	0
378	0
378.2	0
378.333	0
379	0
379	0
379	0
379	0
379	0
379.2	0
379.25	0
379.333	0
380	0
380	0
380	0
380	0
380.11	1
381	0
381	0
381	0
381	0
382	0
382	0
382	0
382.625	0
382.667	0
383	0
383	0
383	0
383	0
383.4	1
383.667	0
384	0
384	0
384	0
384	0
384.25	0
384.5	0
384.5	0
384.5	0
385	0
385	0
385	0
385	0
385	0
385	0
385.667	0
386	0
386	0
386	0
386	0
386.5	0
386.833	0
387	0
387	0
387	0
387	0
387	0
387.2	0
387.4	0
387.5	0
388	0
388	0
388	0
388.5	0
388.667	0
388.75	0
389	0
389	0
389	0
390	0
390	0
390	0
390.5	0
390.5	0
390.667	0
391	0
391	0
391	0
391	0
391	0
391	0
391.143	0
391.444	0
391.5	0
392	0
392	0
392	0
392	0
392	0
392.2	0
393	0
393	0
393	0
393	0
393	0
393	0
394	0
394	0
394	0
394	0
394	0
394	0
394	0
394.667	0
395	0
395	0
395	0
395	0
395	0
396	0
396	0
396	0
396	0
396	0
396	0
396.333	0
397	0
397	0
397	0
397	0
397	0
397.5	0
397.778	0
398	0
398	0
398	0
398	0
398	0
398	0
398	0
398	0
398.75	0
398.833	0
399	0
399	0
399	0
399.333	0
399.75	0
399.75	0
399.905	0
400	0
400	0
400	0
400	0
400	0
400	0
400.25	0
400.5	0
400.75	0
401	0
401	0
401	0
401	0
401	0
401	0
401.333	0
401.75	0
402	0
402	0
402	0
402	0
402.75	0
403	0
403	0
403	0
403	0
403	0
403	0
403	0
403	0
403	0
403	0
403.333	0
403.667	0
404	0
404	0
404	0
404	0
404	0
404	0
404	0
404.2	0
405	0
405	0
405	0
405	0
405	0
405	0
405	0
405	0
405	0
405.333	0
405.333	0
405.5	0
405.5	0
406	0
406	0
406	0
406	0
406	0
406	0
406	0
406	0
406.667	0
406.667	0
406.778	0
407	0
407	0
407	0
407	0
407.5	0
407.667	0
407.667	0
407.786	0
408	0
408	0
408	0
408	0
408.222	0
408.5	0
408.5	0
409	0
409	0
409	0
409	0
409	0
409	0
409.333	0
409.5	0
410	0
410	0
410	0
410	0
410	0
410	0
410.333	0
410.571	0
411	0
411	0
411	0
411	0
411	0
411	0
411	0
411.333	0
411.5	0
411.5	0
411.9	0
412	0
412	0
412	0
412	0
412.2	0
412.333	0
412.5	0
412.5	0
412.667	0
413	0
413	0
413	0
413	0
413.667	0
414	0
414	0
414	0
414	0
414	0
414.111	0
414.2	0
414.5	0
414.667	0
414.714	0
414.8	0
415	0
415	0
415	0
415	0
415	0
416	0
416	0
416	0
416	0
416	0
416.333	0
417	0
417	0
417.286	0
417.5	0
417.5	0
417.643	0
417.8	0
418	0
418	0
418	0
418	0
418.2	0
418.25	0
418.333	0
419	0
419	0
419	0
419	0
419	0
419	0
419.5	0
419.5	0
420	0
420	0
420	0
420	0
420	0
420.333	0
420.5	0
420.5	0
421	0
421	0
421	0
421	0
421.111	0
421.5	0
421.6	0
422	0
422	0
422	0
422.037	0
422.25	0
423	0
423	0
423	0
423	0
423.5	0
423.5	0
424	0
424	0
424	0
424	0
424.4	0
424.5	0
424.5	1
424.5	0
424.667	0
425	0
425	0
425.25	0
425.515	1
426	0
426	0
426	0
426	0
426	0
426	0
426	0
427	0
427	0
427.5	0
428	0
428	0
428	0
428	0
428	0
428	0
428	0
428	0
429	0
429	0
429	0
429	0
429	0
429	0
429	0
429.25	0
429.4	0
429.5	0
429.786	0
430	0
430	0
430	0
430	0
430	0
430	0
430	0
430	0
430.167	0
430.5	0
430.5	0
430.5	0
430.667	0
430.667	0
431	0
431	0
431	0
431	0
431	0
431	0
431.03	0
431.667	0
431.667	0
432	0
432	0
432	0
432.5	0
433	0
433	0
433	0
433	0
433	0
433	0
433	0
433	0
433	0
433	0
433	0
433.333	0
433.5	0
433.5	0
433.667	0
434	0
434	0
434	0
434	0
434	0
434	0
434	0
434	0
434.3	0
434.5	0
434.5	0
434.667	0
434.833	0
435	0
435	0
435	0
435	0
435	0
435	0
435	0
435	0
435	0
435	0
435	0
435.667	0
436	0
436	0
436	0
436	0
436	0
436	0
436	0
436.111	1
436.333	0
436.429	0
436.5	0
437	0
437	0
437	0
437	0
437	0
437	0
437	0
437.167	0
437.5	0
437.5	0
437.667	0
438	0
438	0
438	0
438	0
438	0
438	0
438	0
438	0
438	0
438.5	0
438.5	0
438.5	0
439	0
439	0
439	0
439	0
439	0
439	0
439.333	0
439.75	0
439.786	1
440	0
440	0
440	0
440	0
440	0
440	0
440	0
440.333	0
440.5	0
440.5	0
440.5	0
440.75	0
441	0
441	0
441	0
441	0
441	0
441	0
442	0
442	0
442	0
442	0
442	0
442	0
442	0
442	0
442.333	0
443	0
443	0
443	0
443	0
443	0
443	0
443	0
443.5	0
443.542	1
444	0
444	0
444	0
444	0
444	0
444	0
444	0
444.125	0
444.429	1
444.75	0
445	0
445	0
445	0
445	0
445	0
445	0
445	0
446	0
446	0
446	0
446	0
446	0
446	0
446	0
446	0
446.083	0
446.143	0
446.167	0
446.2	0
446.5	0
447	0
447	0
447	0
447	0
447.333	0
447.333	0
447.5	0
447.6	0
448	0
448	0
448	0
448	0
448	0
448	0
448.364	1
449	0
449	0
449	0
449	0
449	0
449	0
449	0
449	0
449.4	0
449.467	0
449.5	0
450	0
450	0
450	0
450	0
450	0
450.125	0
450.25	0
450.667	0
451	0
451	0
451	0
451	0
451	0
451	0
451	0
451	0
451	0
451	0
451.5	0
451.5	0
451.654	1
451.667	0
451.8	0
452	0
452	0
452	0
452	0
452	0
453	0
453	0
453	0
453	0
453	0
453	0
453	0
453.333	0
453.5	0
453.5	0
453.75	0
453.836	1
454	0
454	0
454	0
454	0
454	0
454	0
454	0
454	0
454	0
454	0
454.231	0
455	0
455	0
455	0
455	0
455.25	0
455.5	0
455.6	0
456	0
456	0
456	0
456	0
456	0
456.167	0
456.5	0
457	0
457	0
457	0
457	0
457	0
457	0
457.5	0
458	0
458	0
458	0
458.2	0
458.429	0
458.789	1
459	0
459	0
459	0
459.667	0
459.667	0
460	0
460	0
460	0
460	0
460	0
460	0
460	0
460	0
460.2	0
460.3	0
460.8	0
460.947	0
461	0
461	0
461	0
461	0
461	0
461	0
461	0
461	0
461	0
461	0
461.5	0
461.585	1
462	0
462	0
462	0
462	0
462	0
462	0
462.25	0
462.25	0
462.875	0
463	0
463	0
463	0
463	0
463	0
463	0
463.5	0
464	0
464	0
464	0
464.333	0
464.5	0
464.8	0
465	0
465	0
465	0
465	0
465.167	0
465.333	0
465.5	0
466	0
466	0
466	0
466	0
466.333	0
466.5	0
466.5	0
466.556	0
466.857	0
467	0
467	0
467	0
467	0
468	0
468	0
468	0
468	0
468	0
468.333	0
468.875	0
469	0
469	0
469	0
469	0
469.4	0
470	0
470	0
470	0
470	0
470	0
470	0
470	0
470	0
470	0
470	0
470.333	0
470.333	0
471	0
471	0
471	0
471.083	0
471.5	0
471.667	0
471.7	0
472	0
472	0
472	0
472	0
472	0
472	0
472.333	0
472.455	0
472.5	0
472.6	0
472.875	0
473	0
473	0
473	0
473	0
473.464	1
474	0
474	0
474.5	0
474.667	0
475	0
475	0
475	0
476	0
476	0
476	0
476	0
476	0
476	0
476	0
476.5	0
477	0
477	0
477	0
477	0
477.5	0
477.5	0
477.5	0
477.5	0
477.629	1
478	0
478	0
478	0
478	0
478	0
478	0
478	0
478.333	0
478.5	0
478.75	0
479	0
479	0
479	0
479.6	0
480	0
480	0
480	0
480	0
480	0
480.333	0
480.478	1
480.5	0
480.5	0
481	0
481	0
481	0
481	0
481	0
481	0
481.333	0
481.667	0
482	0
482	0
482	0
482	0
482	0
482	0
482.667	0
483	0
483	0
483	0
483	0
483	0
483	0
483	0
484	0
484	0
484	0
484	0
484	0
484	0
484.571	0
484.625	0
484.75	0
485	0
485	0
485	0
485	0
485	0
485	0
485.5	0
485.833	0
486	0
486	0
486.5	0
486.5	0
486.6	0
487	0
487	0
487	0
488	0
488	0
488	0
488	0
488	0
488	0
488.167	0
488.5	0
489	0
489	0
489	0
489.143	0
489.5	0
489.929	1
490	0
490	0
490	0
490	0
490	0
490	0
490	0
490	0
490.286	0
490.5	0
490.6	0
490.625	0
490.667	0
491	0
491	0
491	0
491	0
491	0
491	0
491.5	0
491.5	0
491.714	0
492	0
492	0
492	0
492	0
492	0
493	0
493	0
493	0
493	0
493.256	0
494	0
494	0
494	0
494	0
494	0
494	0
494	0
494	0
494.5	0
495	0
495	0
495	0
495	0
495	0
495	0
495	0
495.5	0
495.5	0
495.667	0
495.733	0
496	0
496	0
496	0
496	0
496	0
496	0
496	0
496.5	0
496.5	0
497	0
497	0
497	0
497	0
497	0
497.333	0
498	0
498	0
498	0
498	0
498	0
499	0
499	0
499	0
499	0
499.333	0
499.333	0
499.5	0
499.571	0
500	0
500	0
500	0
500	0
500	0
500	0
500	0
500.25	0
500.333	0
500.727	0
501	0
501	0
501	0
501	0
501	0
501	0
501	0
501.286	0
502	0
502	0
502	0
502	0
502	0
502.022	1
502.143	0
502.333	0
502.333	0
502.5	0
502.5	0
503	0
503	0
503	0
503	0
503	0
503	0
503	0
503.75	0
504	0
504	0
504	0
504	0
504.429	0
505	0
505	0
505	0
505.5	0
506	0
506	0
506	0
506.875	0
507	0
507	0
507	0
507	0
507	0
507	0
507	0
507	0
507	0
507.5	0
507.5	0
508	0
508	0
508	0
508	0
508	0
508	0
508.045	0
508.4	0
508.5	0
508.667	0
509	0
509	0
509	0
509	0
509.25	0
509.556	0
510	0
510	0
510	0
510	0
510	0
510.5	0
510.5	0
511	0
511	0
511	0
511	0
511	0
511	0
511	0
511	0
511	0
511	0
511.25	0
511.5	0
512	0
512	0
512	0
512	0
512	0
512	0
512	0
512.2	0
512.25	0
512.333	0
512.4	0
512.625	1
512.692	1
513	0
513	0
513	0
513	0
513.333	0
513.6	0
513.667	0
513.714	0
514	0
514	0
514	0
514	0
514	0
514	0
514	0
514.333	0
515	0
515	0
515	0
515	0
515.5	0
515.52	1
515.667	0
515.8	0
516	0
516	0
516	0
516	0
516	0
516	0
516	0
516	0
516.143	0
516.25	0
517	0
517	0
517	0
517	0
517.25	0
517.5	0
517.875	0
518	1
518	0
518	0
518	0
518	0
518.5	0
518.5	0
518.949	1
519	0
519	0
519	0
519	0
519	0
519	0
519	0
519	0
519.5	0
520	0
520	0
520	0
520.5	0
520.533	1
520.649	1
521	0
521.324	1
521.333	0
521.563	0
522	0
522	0
522	0
522.333	0
522.75	0
522.8	0
523	0
523	0
523	0
523	0
523	0
523.333	0
523.714	0
524	0
524	0
524	0
524	0
524	0
524	0
524.25	0
524.333	0
524.5	0
524.5	0
524.5	0
525	0
525	0
525	0
525	0
525	0
525	0
525	0
525.333	0
525.375	0
526	0
526	0
526	0
526.5	0
526.611	1
526.667	0
527	0
527	0
527	0
527	0
527	0
527	0
527	0
527.333	0
527.545	0
527.667	0
527.833	0
528	0
528	0
528	0
528	0
528.4	0
528.5	0
528.5	0
528.988	1
529	0
529	0
529	0
529	0
529	0
529.313	0
529.5	0
530	0
530	0
530	0
530	0
530	0
530	0
530	0
530.1	1
530.286	0
530.333	0
531	0
531.5	0
531.5	0
532	0
532	0
532	0
532	0
532	0
532.333	0
532.8	0
533	0
533	0
533	0
533	0
533	0
533	0
533	0
533	0
533.5	0
533.5	0
533.933	0
534	0
534	0
534	0
534	0
534.067	1
534.5	0
534.5	0
534.8	0
535	0
535	0
535	0
535	0
535	0
535	0
535.111	0
536	0
536	0
536	0
536.5	0
537	0
537	0
537	0
537	0
537	0
537	0
537	0
537.333	0
537.5	0
537.5	0
537.6	0
538	0
538	0
538	0
538	0
538	0
538	0
538	0
539	0
539	0
539	0
539	0
539	0
539	0
539	0
539.5	0
539.667	0
540	0
540	0
540	0
540	0
540.5	0
541	0
541	0
541	0
541	0
541.071	0
541.2	0
541.5	0
541.7	0
541.941	0
542	0
542	0
542	0
542	0
542.286	0
542.667	0
543	0
543	0
543	0
543	0
543	0
543	0
543	0
543	0
543	0
543.333	0
544	0
544	0
544	0
544	0
544	0
544	0
544	0
544.5	0
544.75	0
545	0
545	0
545	0
545	0
545	0
545	0
545	0
545	0
545.167	0
545.25	0
545.5	0
545.5	0
546	0
546	0
546	0
546	0
546.25	0
546.5	0
546.667	0
547	0
547	0
547	0
547	0
547	0
547	0
547.333	0
547.5	0
547.5	0
547.5	0
547.667	0
547.667	0
547.667	0
547.833	0
548	0
548	0
548	0
548	0
548	0
548.25	0
548.292	0
548.333	0
548.5	0
548.667	0
548.769	1
549	0
549	0
549	0
549	0
549	0
549	0
549.5	0
549.5	0
550	0
550	0
550	0
550	0
550	0
550.077	0
550.333	0
550.5	0
550.5	0
551	0
551	0
551	0
551	0
551	0
551	0
551.5	0
551.5	0
551.6	0
552	0
552	0
552	0
552	0
552.333	0
552.333	0
552.5	0
552.75	0
553	0
553	0
553	0
553	0
553	0
553	0
553.071	0
553.75	0
554	0
554	0
554	0
554	0
554.077	0
554.667	0
554.833	0
555	0
555	0
555	0
555	0
555	0
555	0
555	0
555	0
555	0
555	0
555.5	0
556	0
556	0
556	0
556	0
556	0
556	0
556.136	0
556.5	0
556.889	0
557	0
557	0
557	0
557	0
557	0
557.305	0
558	0
558	0
558	0
558	0
558	0
558	0
558	0
558	0
558	0
558	0
558	0
558.5	0
558.5	0
558.5	0
558.667	0
559	0
559	0
559	0
559	0
559	0
559	0
559	0
559.308	0
560	0
560	0
560	0
560	0
560	0
560	0
560	0
560.5	0
561	0
561	0
561	0
561	0
561	0
561	0
561.5	0
561.667	0
561.909	1
562	0
562	0
562	0
562.143	0
562.25	0
562.333	0
562.5	0
563	0
563	0
563	0
563	0
563.667	0
564	0
564	0
564	0
564	0
564	0
564	0
564.25	0
564.5	0
564.5	0
565	0
565	0
565	0
565	0
565	0
565	0
565	0
565	0
565	0
566	0
566	0
566	0
566	0
566	0
566	0
566	0
566.091	0
567	0
567	0
567	0
567	0
568	0
568	0
568	0
568	0
568	0
568	0
568.333	0
568.5	0
568.5	0
568.667	0
568.8	0
569	0
569	0
569	0
569	0
569	0
569	0
569	0
569.2	0
569.5	0
570	0
570	0
570	0
570	0
570	0
570	0
570.5	0
571	0
571	0
571	0
571	0
571	0
571	0
571.25	0
572	0
572	0
572	0
572	0
572.111	0
572.5	0
573	0
573	0
573	0
573.333	0
574	0
574.556	0
575	0
575	0
575	0
575	0
575	0
575	0
575	0
575.375	0
575.5	0
575.5	0
575.5	0
575.667	0
576	0
576	0
576	0
576	0
576.125	0
576.2	0
576.222	0
576.5	0
576.5	0
576.5	0
577	0
577	0
577	0
577	0
577	0
577	0
577.25	0
577.5	0
577.857	0
578	0
578	0
578	0
578	0
578	0
578	0
578	0
578	0
578	0
579	0
579	0
579	0
579	0
579	0
579.333	0
579.5	0
580	0
580	0
580	0
580	0
580	0
580	0
580	0
580	0
580	0
580.2	0
580.5	0
580.667	0
581	0
581	0
581	0
581	0
581	0
581	0
581	0
581	0
581	0
581.6	0
582	0
582	0
582	0
582	0
582	0
582	0
582	0
582	0
582	0
582	0
582.333	0
582.6	0
582.667	0
583	0
583	0
583	0
583	0
583	0
583	0
583	0
583	0
583.5	0
583.5	0
584	0
584	0
584	0
584	0
584	0
584	0
584	0
584	0
584	0
584.5	0
584.5	0
585	0
585	0
585	0
585	0
585	0
585	0
585	0
585	0
585	0
585.5	0
585.5	0
586	0
586	0
586	0
586	0
586	0
586	0
586	0
586.089	1
587	0
587	0
587	0
587	0
587	0
588	0
588	0
588	0
588	0
588	0
588	0
588	0
588.2	0
588.5	0
589	0
589	0
589	0
589	0
589	0
589.5	0
589.667	0
589.875	0
590	0
590	0
590	0
590	0
590	0
590	0
590	0
590	0
590	0
590	0
590	0
591	0
591	0
591	0
591	0
591	0
591	0
591	0
591.5	0
592	0
592	0
592	0
592	0
592	0
592	0
592	0
592	0
592.556	0
593	0
593	0
593	0
593	0
593	0
593	0
593	0
593.333	0
593.778	0
594	0
594	0
594	0
594	0
594	0
594	0
594.667	0
595	0
595	0
595	0
595	0
595	0
595	0
595	0
595	0
595.211	0
595.636	0
596	0
596	0
596	0
596	0
596	0
596	0
596	0
596.667	0
597	0
597	0
597	0
597	0
597	0
597	0
597	0
597.333	0
597.5	0
598	0
598	0
598	0
598	0
598	0
598	0
598	0
598.375	0
598.5	0
598.5	0
598.769	0
598.8	0
599	0
599	0
599	0
599	0
599	0
599	0
599	0
599.2	0
599.4	0
599.5	0
600	0
600	0
600	0
600.333	0
601	0
601	0
601	0
601.833	0
602	0
602	0
602	0
602.182	0
602.5	0
602.5	0
602.737	0
603	0
603	0
603	0
603	0
603	0
603	0
603	0
603	0
603.333	0
603.5	0
603.667	0
603.75	0
604	0
604	0
604	0
604	0
604	0
604.125	0
604.333	0
604.667	0
605	0
605	0
605	0
605	0
605	0
605	0
605.333	0
605.5	0
606	0
606	0
606	0
606	0
606	0
606	0
606.167	0
606.167	0
606.333	0
607	0
607	0
607	0
607	0
607	0
607	0
607	0
607	0
607.4	0
608	0
608	0
608	0
608	0
608	0
608	0
608	0
608.5	0
608.818	0
609	0
609	0
609	0
609	0
609	0
609	0
609	0
609.5	0
610	0
610	0
610	0
610.5	0
611	0
611	0
611	0
611	0
611	0
611	0
611	0
611.125	0
611.333	0
611.6	0
611.6	0
611.667	0
612	0
612	0
612	0
612	0
612	0
612	0
612	0
612	0
612	0
612.5	0
612.5	0
612.667	0
612.667	0
613	0
613	0
613	0
613	0
613	0
613	0
613	0
613.333	0
613.404	1
613.5	0
613.5	0
613.667	0
614	0
614	0
614	0
614	0
615	0
615	0
615	0
615	0
615	0
615	0
615	0
615.25	0
615.5	0
615.857	0
616	0
616	0
616	0
616	0
616	0
616	0
616	0
616.25	0
616.435	0
617	0
617	0
617	0
617	0
617.125	0
617.333	0
617.667	0
618	0
618	0
618.25	0
618.5	0
618.5	0
619	0
619	0
619	0
619	0
619	0
619	0
619	0
619	0
619	0
619.111	1
619.5	0
619.833	0
620	0
620	0
620	0
620	0
620	0
620.25	0
620.5	0
620.667	0
620.75	0
621	0
621	0
621	0
621	0
621	0
621	0
621	0
621.833	0
622	0
622	0
622	0
622	0
622	0
622	0
622	0
623	0
623	0
623	0
623	0
623	0
623	0
623	0
623.143	0
623.286	0
623.3	0
623.75	0
624	0
624	0
624	0
624	0
624	0
624	0
624	0
624	0
625	0
625	0
625	0
625.091	0
625.333	0
626	0
626	0
626	0
626.429	0
626.75	0
627	0
627	0
627	0
627	0
627	0
627	0
627.19	1
627.5	0
628	0
628	0
628	0
628	0
628	0
628	0
628	0
628.5	0
629	0
629	0
629	0
629	0
629.5	0
629.5	0
630	0
630	0
630	0
630	0
630	0
630	0
630	0
630.5	0
631	0
631	0
631	0
631	0
631.667	0
632	0
632	0
632	0
632	0
632	0
632	0
632	0
632	0
632.5	0
633	0
633	0
633	0
633	0
633	0
633.2	0
633.368	0
633.429	0
633.5	0
633.5	0
633.5	0
634	0
634	0
634	0
634	0
634	0
634	0
634	0
634	0
634	0
634	0
635	0
635	0
635	0
635	0
635	0
635	0
635	0
635	0
635	0
635.556	0
635.75	0
635.8	0
636	0
636	0
636	0
636	0
636	0
636	0
636	0
636	0
636.5	0
636.6	0
636.667	0
637	0
637	0
637	0
637	0
637	0
637	0
637.556	0
638	0
638	0
638	0
638	0
638	0
638	0
639	0
639	0
639	0
639	0
639	0
639	0
639	0
639	0
639.5	0
639.714	0
639.75	0
639.75	0
640	0
640	0
640	0
640	0
640	0
640	0
640	0
640	0
640.333	0
640.667	0
640.917	0
641	0
641	0
641	0
641	0
641	0
641	0
641	0
641	0
641.154	0
641.75	0
642	0
642	0
642	0
642	0
642	0
642	0
642	0
642	0
642	0
643	0
643	0
643	0
643	0
643	0
643	0
643	0
643	0
643.6	0
643.75	0
644	0
644	0
644	0
644	0
644.4	0
644.667	0
645	0
645	0
645	0
645	0
645	0
645	0
645.5	0
645.667	0
645.75	0
646	0
646	0
646	0
646	0
646.7	0
647	0
647	0
647	0
647	0
647	0
647.625	0
648	0
648	0
648	0
648	0
648	0
648	0
648	0
648	0
648.333	0
648.5	0
649	0
649	0
649	0
649	0
649	0
649	0
649	0
649	0
649	0
649	0
649.4	0
650	0
650	0
650	0
650	0
650	0
650.5	0
650.5	0
651	0
651	0
651	0
651	0
651	0
651	0
651	0
651.8	0
652	0
652	0
652	0
652	0
652	0
652	0
652	0
652	0
652	0
652.333	0
653	0
653	0
653	0
653	0
653	0
653	0
653	0
653	0
653.25	0
653.6	0
653.667	0
654	0
654	0
654	0
654	0
654	0
654	0
654	0
654.5	0
654.571	0
655	0
655	0
655	0
655	0
655	0
655	0
655	0
655	0
656	0
656	0
656	0
656	0
656	0
656.2	0
656.333	0
657	0
657	0
657	0
657	0
657.333	0
657.75	0
658	0
658	0
658.273	0
658.4	0
658.5	0
658.5	0
659	0
659	0
659	0
659	0
659	0
659.5	0
660	0
660	0
660	0
660	0
660	0
660	0
660	0
660	0
660.4	0
661	0
661	0
661	0
661	0
661	0
661.25	0
661.5	0
662	0
662	0
662	0
662	0
662	0
662	0
662	0
662	0
663	0
663	0
663	0
663	0
663	0
663	0
663	0
663.25	0
663.5	0
664	0
664	0
664	0
664	0
665	0
665	0
665	0
665	0
666	0
666	0
666	0
666	0
666.25	0
666.5	0
667	0
667	0
667	0
667	0
667	0
667	0
667	0
667	0
667	0
667.75	0
668	0
668	0
668	0
668	0
668	0
668	0
668.714	0
669	0
669	0
669	0
669	0
669	0
669	0
669	0
669	0
669.222	0
669.333	0
669.5	0
669.6	0
669.8	0
670	0
670	0
670	0
670	0
670.5	0
671	0
671	0
671	0
671.333	0
672	0
672	0
672	0
672.2	0
672.5	0
672.667	0
672.667	0
672.8	0
673	0
673	0
673	0
673	0
673	0
673.286	0
673.5	0
673.5	0
674	0
674	0
674	0
674	0
674	0
674	0
674	0
675	0
675	0
675	0
675.5	0
675.5	0
675.5	0
676	0
676	0
676	0
676	0
676	0
676	0
676.321	0
677	0
677	0
677	0
677	0
677	0
677	0
677.167	0
678	0
678	0
678	0
678	0
678	0
678	0
678	0
678	0
678.143	0
678.333	0
679	0
679	0
679	0
679	0
679	0
679	0
679.143	0
679.5	0
679.5	0
679.667	0
679.667	0
680	0
680	0
680	0
680	0
680	0
680	0
680	0
680	0
680	0
680	0
680	0
680	0
680	0
680.4	0
681	0
681	0
681	0
681	0
681	0
681	0
681	0
681	0
682	0
682	0
682	0
682	0
682	0
682	0
682	0
682.5	0
682.6	0
682.667	0
683	0
683	0
683	0
683.417	0
683.5	0
683.5	0
683.6	0
684	0
684	0
684	0
684	0
684	0
684.5	0
684.5	0
684.522	0
684.667	0
685	0
685	0
685	0
685	0
685	0
685	0
685	0
685	0
685	0
685	0
685.2	0
685.5	0
685.667	0
685.8	0
686	0
686	0
686	0
686	0
686	0
686	0
686	0
686	0
686	0
686	0
686	0
686	0
686.167	0
686.286	0
686.333	0
686.667	0
687	0
687	0
687	0
687	0
687	0
687	0
687.5	0
687.75	0
687.889	0
688	0
688	0
688	0
688	0
688	0
688	0
688	0
689	0
689	0
689	0
689	0
689	0
689	0
689	0
689.111	0
689.222	0
689.5	0
690	0
690	0
690	0
690	0
690	0
690	0
690	0
690.5	0
691	0
691	0
691	0
691	0
691	0
691.333	0
691.5	0
692	0
692	0
692	0
692	0
692	0
692	0
692	0
692.143	0
693	0
693	0
693	0
693	0
693	0
693	0
693	0
693	0
693.208	1
693.25	0
693.3	0
694	0
694	0
694	0
694	0
694	0
694	0
694	0
694	0
694	0
694.333	0
694.333	0
694.5	0
694.778	0
695	0
695	0
695	0
695	0
695	0
695	0
695.5	0
695.5	0
695.7	0
695.75	0
695.778	0
696	0
696	0
696	0
696.5	0
696.5	0
696.5	0
696.667	0
696.929	0
697	0
697	0
697	0
697	0
697.333	0
697.5	0
697.5	0
697.545	0
697.8	0
698	0
698	0
698	0
698	0
698	0
698.5	0
698.5	0
698.5	0
698.667	0
699	0
699	0
699	0
699	0
699	0
699	0
699	0
699	0
699	0
699	0
699	0
699.333	0
699.5	0
700	0
700	0
700	0
700	0
700	0
700	0
700	0
701	0
701	0
701	0
701	0
701	0
701	0
701	0
701	0
701	0
701.364	0
701.5	0
701.667	0
702	0
702	0
702	0
702	0
702	0
702	0
702	0
702	0
702.091	0
702.5	0
703	0
703	0
703	0
703.444	0
703.5	0
703.5	0
703.5	0
703.769	0
704	0
704	0
704	0
704	0
704	0
704	0
704	0
704.25	0
704.25	0
704.5	0
704.5	0
704.833	0
705	0
705	0
705	0
705	0
706	0
706	0
706	0
706	0
706	0
706.5	0
706.517	1
707	0
707	0
707	0
707	0
707	0
707.333	0
707.5	0
707.75	0
707.897	1
708	0
708	0
708	0
708	0
708	0
708	0
708.5	0
708.615	0
709	1
709	0
709	0
709.2	0
709.4	0
709.5	0
710	0
710	0
710	0
710	0
710	0
710	0
710.263	1
710.286	0
710.6	0
710.667	0
711	0
711	0
711	0
711	0
711	0
711	0
711	0
711	0
711.111	0
711.143	0
711.75	0
711.775	0
712	0
712	0
712	0
712	0
712	0
712	0
712.333	0
712.5	0
712.6	0
713	0
713	0
713	0
713	0
713	0
713	0
713	0
713	0
713	0
713	0
713.5	0
713.714	0
714	0
714	0
714	0
714	0
714	0
714	0
714	0
714	0
714.352	1
715	0
715	0
715	0
715	0
715	0
715	0
715	0
715	0
715.333	0
715.75	0
716	0
716	0
716	0
716	0
716	0
716	0
716.2	0
716.333	0
716.364	0
716.5	0
716.714	0
717	0
717	0
717	0
717	0
717	0
718	0
718	0
718	0
718.4	0
718.5	0
719	0
719	0
719	0
719	0
719	0
719.333	0
719.417	0
720	0
720	0
720	0
720	0
720	0
720	0
720	0
720	0
720	0
721	0
721	0
721	0
721	0
721.5	0
721.667	0
722	0
722	0
722	0
722	0
722	0
722.571	0
723	0
723	0
723	0
723	0
723.545	0
723.75	0
723.833	0
724	0
724	0
724	0
724	0
724	0
724	0
724.5	0
724.833	0
725	0
725	0
725	0
725	0
725	0
725.389	0
725.5	0
726	0
726.5	0
727	0
727	0
727	0
727	0
727	0
727.5	0
727.5	0
728	0
728.333	0
728.667	0
728.857	0
729	0
729	0
729	0
729	0
729	0
729	0
729	0
729	0
729.5	0
729.667	0
729.667	0
729.833	0
729.857	0
730	0
730	0
730.5	0
731	0
731	0
731	0
731.667	0
731.8	0
731.833	0
732	0
732	0
732	0
732	0
732	0
732	0
732.2	0
732.5	0
732.5	0
732.667	0
732.667	0
732.78	1
732.857	0
733	0
733	0
733	0
733	0
733	0
733	0
733	0
733.5	0
734	0
734	0
734	0
734	0
734	0
734.5	0
735	0
735	0
735	0
735	0
735	0
735	0
735	0
736	0
736	0
736	0
736	0
736	0
736	0
736	0
737	0
737	0
737.333	0
738	0
738	0
738	0
738	0
738	0
738.5	0
739	0
739	0
739	0
739	0
739	0
739	0
739	0
739	0
739.167	0
739.286	0
739.4	0
739.75	0
740	0
740	0
740	0
740	0
740	0
740	0
740	0
740.5	0
740.5	0
740.55	0
740.564	1
740.667	0
741	0
741	0
741	0
741	0
741	0
741	0
741.333	0
741.5	0
741.634	0
742	0
742	0
742	0
743	0
743	0
743	0
743	0
743	0
743.333	0
743.611	0
